version https://git-lfs.github.com/spec/v1
oid sha256:bc0d8e8d400747fbde8334fc9fcdb8b03ad2e73bafd667d53a007d1ba53644d7
size 120251
