version https://git-lfs.github.com/spec/v1
oid sha256:ee2a081836410483341ead6556e32905046d844f04d5d55ea140edb5bf813918
size 123757
